<svg xmlns="http://www.w3.org/2000/svg" width="81.74" height="94.69">
  <g data-name="Group 6">
    <g data-name="Group 5">
      <g data-name="Group 4" fill="#001740">
        <path data-name="Path 13" d="M40.91.25a42.6 42.6 0 00-17.95 3.52 35.7 35.7 0 00-12.7 9.68 40.55 40.55 0 00-7.54 14.9 69.87 69.87 0 00-2.47 19 69.1 69.1 0 002.47 19.04 41.03 41.03 0 007.54 14.8 35.42 35.42 0 0012.7 9.72 47.25 47.25 0 0035.82 0 34.86 34.86 0 0012.67-9.72 42.03 42.03 0 007.53-14.81 68.16 68.16 0 002.51-19.04 68.92 68.92 0 00-2.5-19 41.51 41.51 0 00-7.54-14.9 35.23 35.23 0 00-12.62-9.67A42.45 42.45 0 0040.9.24m0 94.44a42.85 42.85 0 01-18.05-3.55 35.66 35.66 0 01-12.79-9.79 41.27 41.27 0 01-7.59-14.89A69.32 69.32 0 010 47.34a70.08 70.08 0 012.48-19.07 40.78 40.78 0 017.6-14.98 35.91 35.91 0 0112.78-9.75 47.6 47.6 0 0136.07 0 35.49 35.49 0 0112.72 9.75 41.77 41.77 0 017.57 14.98 69.2 69.2 0 012.52 19.07 68.44 68.44 0 01-2.52 19.11 42.27 42.27 0 01-7.57 14.9 35.13 35.13 0 01-12.76 9.78 42.79 42.79 0 01-17.98 3.55"/>
        <path data-name="Path 14" d="M40.91 2.74a39.98 39.98 0 00-16.83 3.27 32.87 32.87 0 00-11.7 8.9 37.93 37.93 0 00-7.03 13.93 68.05 68.05 0 00-2.4 18.5 67.3 67.3 0 002.4 18.54 38.41 38.41 0 007.04 13.86 32.59 32.59 0 0011.7 8.94 44.77 44.77 0 0033.59 0 32.05 32.05 0 0011.65-8.92 39.45 39.45 0 007.04-13.9 66.32 66.32 0 002.43-18.51 67.08 67.08 0 00-2.44-18.5 38.9 38.9 0 00-7.02-13.94A32.41 32.41 0 0057.72 6a39.85 39.85 0 00-16.8-3.27m0 89.46A40.24 40.24 0 0124 88.9a32.83 32.83 0 01-11.79-9 38.64 38.64 0 01-7.08-13.95 67.5 67.5 0 01-2.4-18.6 68.29 68.29 0 012.4-18.57 38.17 38.17 0 017.07-14.02 33.12 33.12 0 0111.79-8.97 45.12 45.12 0 0133.83 0 32.67 32.67 0 0111.7 8.96 39.14 39.14 0 017.08 14.04 67.3 67.3 0 012.45 18.56 66.6 66.6 0 01-2.44 18.58 39.69 39.69 0 01-7.1 13.98 32.3 32.3 0 01-11.73 8.99 40.18 40.18 0 01-16.86 3.3"/>
        <path data-name="Path 15" d="M40.91 5.24a37.4 37.4 0 00-15.7 3 29.66 29.66 0 00-10.72 8.14 35.28 35.28 0 00-6.51 12.96 66.23 66.23 0 00-2.33 18 65.45 65.45 0 002.32 18.03 35.78 35.78 0 006.54 12.91 29.39 29.39 0 0010.7 8.16 42.28 42.28 0 0031.35 0 28.8 28.8 0 0010.62-8.13 36.84 36.84 0 006.56-12.97 64.44 64.44 0 002.35-18 65.23 65.23 0 00-2.36-17.97 36.3 36.3 0 00-6.53-13.02 29.19 29.19 0 00-10.61-8.1A37.24 37.24 0 0040.9 5.24m0 84.46a37.64 37.64 0 01-15.81-3.03 29.63 29.63 0 01-10.78-8.23 36.03 36.03 0 01-6.59-13 65.71 65.71 0 01-2.32-18.1 66.44 66.44 0 012.33-18.06 35.54 35.54 0 016.56-13.05 29.92 29.92 0 0110.8-8.2 42.65 42.65 0 0131.6 0 29.44 29.44 0 0110.7 8.17 36.54 36.54 0 016.57 13.1 65.5 65.5 0 012.37 18.05 64.7 64.7 0 01-2.36 18.06 37.07 37.07 0 01-6.6 13.06 29.07 29.07 0 01-10.72 8.2 37.55 37.55 0 01-15.74 3.03"/>
        <path data-name="Path 16" d="M40.91 7.73a34.8 34.8 0 00-14.59 2.75 26.89 26.89 0 00-9.71 7.37 32.68 32.68 0 00-6 11.99 64.41 64.41 0 00-2.25 17.5 63.63 63.63 0 002.24 17.52 33.18 33.18 0 006.03 11.97 26.6 26.6 0 009.69 7.37 39.83 39.83 0 0029.12 0 26.04 26.04 0 009.6-7.33 34.24 34.24 0 006.07-12.06 62.6 62.6 0 002.27-17.46 63.4 63.4 0 00-2.28-17.47 33.68 33.68 0 00-6.03-12.07 26.4 26.4 0 00-9.6-7.33A34.64 34.64 0 0040.9 7.73m0 79.47a35.06 35.06 0 01-14.7-2.77 26.85 26.85 0 01-9.77-7.45 33.4 33.4 0 01-6.09-12.05 63.86 63.86 0 01-2.24-17.58 64.65 64.65 0 012.26-17.58A32.9 32.9 0 0116.4 17.7a27.14 27.14 0 019.8-7.43 40.21 40.21 0 0129.35 0 26.64 26.64 0 019.7 7.4 33.93 33.93 0 016.07 12.16 63.61 63.61 0 012.3 17.53 62.87 62.87 0 01-2.29 17.53 34.5 34.5 0 01-6.11 12.15 26.29 26.29 0 01-9.7 7.4 34.96 34.96 0 01-14.62 2.78"/>
        <path data-name="Path 17" d="M40.92 10.23a32.22 32.22 0 00-13.48 2.5 24.09 24.09 0 00-8.72 6.58 30.04 30.04 0 00-5.48 11.03 62.63 62.63 0 00-2.18 17 61.84 61.84 0 002.16 17 30.56 30.56 0 005.54 11.03 23.84 23.84 0 008.68 6.6 37.4 37.4 0 0026.89-.01 23.24 23.24 0 008.58-6.53 31.64 31.64 0 005.58-11.15 60.73 60.73 0 002.19-16.93 61.56 61.56 0 00-2.2-16.95 31.1 31.1 0 00-5.54-11.14 23.63 23.63 0 00-8.6-6.54 32.08 32.08 0 00-13.43-2.5m0 74.49a32.47 32.47 0 01-13.58-2.52 24.07 24.07 0 01-8.76-6.67 30.79 30.79 0 01-5.59-11.1 62.06 62.06 0 01-2.17-17.07A62.88 62.88 0 0113 30.27a30.3 30.3 0 015.53-11.11 24.35 24.35 0 018.8-6.66 37.79 37.79 0 0127.11 0 23.86 23.86 0 018.69 6.6 31.33 31.33 0 015.58 11.23 61.8 61.8 0 012.2 17.01 61.04 61.04 0 01-2.2 17 31.93 31.93 0 01-5.62 11.24 23.51 23.51 0 01-8.67 6.6 32.37 32.37 0 01-13.51 2.53"/>
        <path data-name="Path 18" d="M40.92 12.72a29.66 29.66 0 00-12.36 2.24 21.35 21.35 0 00-7.72 5.82 27.47 27.47 0 00-4.97 10.06 60.83 60.83 0 00-2.1 16.5 60.02 60.02 0 002.08 16.5A28.33 28.33 0 0020.9 73.9a21.06 21.06 0 007.67 5.82 35 35 0 0024.66-.01 20.45 20.45 0 007.56-5.73 29.06 29.06 0 005.09-10.23 58.89 58.89 0 002.1-16.41 59.7 59.7 0 00-2.12-16.44 28.5 28.5 0 00-5.03-10.2 20.84 20.84 0 00-7.6-5.75 29.52 29.52 0 00-12.3-2.23m0 69.49a29.91 29.91 0 01-12.46-2.26 21.3 21.3 0 01-7.77-5.89 28.58 28.58 0 01-5.08-10.16 60.28 60.28 0 01-2.1-16.56 61.03 61.03 0 012.12-16.58 27.68 27.68 0 015.02-10.14 21.6 21.6 0 017.8-5.89 35.39 35.39 0 0124.88 0 21.08 21.08 0 017.68 5.82 28.73 28.73 0 015.08 10.29 59.97 59.97 0 012.13 16.5 59.13 59.13 0 01-2.11 16.48 29.31 29.31 0 01-5.15 10.31 20.72 20.72 0 01-7.64 5.8 29.8 29.8 0 01-12.4 2.27"/>
        <path data-name="Path 19" d="M40.92 15.22a27.12 27.12 0 00-11.24 1.98 18.58 18.58 0 00-6.72 5.04 24.82 24.82 0 00-4.46 9.1 59 59 0 00-2.03 16 58.18 58.18 0 002 15.98 25.72 25.72 0 004.54 9.14 18.3 18.3 0 006.67 5.03 32.63 32.63 0 0022.42-.01 17.7 17.7 0 006.53-4.93 26.5 26.5 0 004.62-9.32 57.1 57.1 0 002.02-15.88 57.86 57.86 0 00-2.05-15.93 25.9 25.9 0 00-4.53-9.26 18.05 18.05 0 00-6.58-4.97 26.97 26.97 0 00-11.2-1.97m0 64.5a27.39 27.39 0 01-11.34-2 18.54 18.54 0 01-6.75-5.1 25.94 25.94 0 01-4.58-9.22 58.42 58.42 0 01-2.02-16.05 59.21 59.21 0 012.04-16.07 25.03 25.03 0 014.5-9.18 18.81 18.81 0 016.82-5.12 33.04 33.04 0 0122.63 0 18.29 18.29 0 016.67 5.04 26.15 26.15 0 014.58 9.35 58.12 58.12 0 012.06 15.99 57.33 57.33 0 01-2.04 15.95 26.74 26.74 0 01-4.65 9.4 17.92 17.92 0 01-6.63 5 27.25 27.25 0 01-11.28 2.01"/>
        <path data-name="Path 20" d="M40.92 17.71c-5.3 0-8.42.94-10.12 1.72a15.61 15.61 0 00-5.73 4.28 22.56 22.56 0 00-3.95 8.12 57.24 57.24 0 00-1.95 15.51 56.38 56.38 0 001.93 15.47A23.45 23.45 0 0025.13 71a15.32 15.32 0 005.67 4.25c1.7.79 4.83 1.73 10.12 1.73a24.48 24.48 0 0010.06-1.74 14.7 14.7 0 005.52-4.14 23.9 23.9 0 004.12-8.4 55.22 55.22 0 001.95-15.35 56.05 56.05 0 00-1.97-15.41 23.33 23.33 0 00-4.04-8.33A15.06 15.06 0 0051 19.43c-1.7-.78-4.8-1.71-10.07-1.71m0 59.5c-5.34 0-8.5-.95-10.23-1.74a15.54 15.54 0 01-5.75-4.32 23.67 23.67 0 01-4.08-8.28 56.63 56.63 0 01-1.94-15.53 57.4 57.4 0 011.97-15.58 22.8 22.8 0 013.99-8.21 15.83 15.83 0 015.82-4.35c1.72-.8 4.88-1.74 10.22-1.74 5.3 0 8.46.95 10.17 1.74a15.31 15.31 0 015.66 4.25 23.59 23.59 0 014.08 8.41 56.32 56.32 0 011.99 15.48 55.5 55.5 0 01-1.96 15.42 24.16 24.16 0 01-4.17 8.49 14.95 14.95 0 01-5.6 4.2 24.71 24.71 0 01-10.17 1.76"/>
        <path data-name="Path 21" d="M40.92 20.21c-4.83 0-7.56.8-9 1.46a12.88 12.88 0 00-4.74 3.5 19.93 19.93 0 00-3.43 7.16 55.4 55.4 0 00-1.88 15.02 54.6 54.6 0 001.85 14.95 20.74 20.74 0 003.53 7.24 12.6 12.6 0 004.66 3.48c1.45.66 4.18 1.46 9 1.46 4.74 0 7.48-.8 8.95-1.48a11.96 11.96 0 004.5-3.34 21.35 21.35 0 003.63-7.48 53.34 53.34 0 001.88-14.83 54.19 54.19 0 00-1.9-14.9 20.8 20.8 0 00-3.54-7.4 12.36 12.36 0 00-4.56-3.4c-1.44-.65-4.15-1.45-8.95-1.45m0 54.52c-4.87 0-7.64-.81-9.1-1.49a12.83 12.83 0 01-4.76-3.54 21.1 21.1 0 01-3.57-7.33 54.81 54.81 0 01-1.86-15.02 55.64 55.64 0 011.89-15.08A20.16 20.16 0 0127 25a13.1 13.1 0 014.82-3.57c1.46-.68 4.23-1.48 9.1-1.48 4.84 0 7.6.8 9.05 1.48a12.58 12.58 0 014.65 3.46 21.03 21.03 0 013.59 7.47 54.43 54.43 0 011.9 14.97 53.63 53.63 0 01-1.87 14.9 21.59 21.59 0 01-3.69 7.57 12.2 12.2 0 01-4.58 3.4c-1.49.69-4.27 1.5-9.05 1.5"/>
        <path data-name="Path 22" d="M40.92 22.7c-4.76 0-7.1.85-7.88 1.2a10.06 10.06 0 00-3.74 2.74 17.4 17.4 0 00-2.92 6.19 53.6 53.6 0 00-1.8 14.51 52.78 52.78 0 001.77 14.45 18.7 18.7 0 003.03 6.3 9.55 9.55 0 003.66 2.69c.97.45 3.29 1.2 7.88 1.2 4.5 0 6.84-.77 7.84-1.23a9.13 9.13 0 003.46-2.54 18.81 18.81 0 003.16-6.57 51.53 51.53 0 001.78-14.3 52.4 52.4 0 00-1.82-14.38 18.24 18.24 0 00-3.03-6.45 9.39 9.39 0 00-3.56-2.6c-.97-.46-3.27-1.2-7.83-1.2m0 49.51c-4.64 0-7-.77-7.99-1.22a9.95 9.95 0 01-3.74-2.76 18.92 18.92 0 01-3.08-6.39 53.03 53.03 0 01-1.78-14.51 53.84 53.84 0 011.82-14.58 17.59 17.59 0 012.96-6.28 10.28 10.28 0 013.83-2.8c.8-.37 3.17-1.22 7.98-1.22 4.6 0 6.95.76 7.93 1.22a9.62 9.62 0 013.65 2.67 18.46 18.46 0 013.08 6.54 52.6 52.6 0 011.83 14.45 51.79 51.79 0 01-1.8 14.37 19.06 19.06 0 01-3.2 6.66 9.36 9.36 0 01-3.55 2.6c-1.01.47-3.4 1.25-7.94 1.25"/>
        <path data-name="Path 23" d="M40.92 25.2c-4.49 0-6.42.79-6.76.95a7.16 7.16 0 00-2.74 1.96 15.04 15.04 0 00-2.4 5.22 51.78 51.78 0 00-1.74 14.02 51 51 0 001.7 13.93 16.1 16.1 0 002.53 5.35 6.8 6.8 0 002.65 1.91c.48.22 2.4.95 6.77.95 4.16 0 6.09-.68 6.72-.97a6.25 6.25 0 002.44-1.74 16.53 16.53 0 002.68-5.66 49.75 49.75 0 001.7-13.77 50.5 50.5 0 00-1.75-13.87 15.43 15.43 0 00-2.54-5.51 6.6 6.6 0 00-2.55-1.83c-.47-.22-2.36-.94-6.7-.94m0 44.53c-4.42 0-6.37-.74-6.87-.97a7.04 7.04 0 01-2.74-1.98 16.33 16.33 0 01-2.57-5.43 51.27 51.27 0 01-1.7-14 52.02 52.02 0 011.74-14.08 15.25 15.25 0 012.45-5.32 7.39 7.39 0 012.83-2.02c.49-.23 2.43-.97 6.86-.97 4.4 0 6.33.74 6.81.96a6.85 6.85 0 012.64 1.9 15.7 15.7 0 012.58 5.6 50.78 50.78 0 011.76 13.93A49.96 49.96 0 0153 61.2a16.77 16.77 0 01-2.72 5.74 6.49 6.49 0 01-2.53 1.8c-.65.3-2.62 1-6.83 1"/>
        <path data-name="Path 24" d="M40.92 27.7c-4.08 0-5.62.68-5.64.68a4.33 4.33 0 00-1.75 1.2 12.75 12.75 0 00-1.89 4.25 50.03 50.03 0 00-1.66 13.52 49.18 49.18 0 001.62 13.42 13.18 13.18 0 002.02 4.4 4 4 0 001.65 1.13c.02 0 1.6.7 5.65.7 3.94 0 5.45-.65 5.6-.72a3.53 3.53 0 001.42-.94 14.02 14.02 0 002.2-4.75 47.88 47.88 0 001.61-13.25A48.73 48.73 0 0050.1 34a13.05 13.05 0 00-2.04-4.57 3.86 3.86 0 00-1.55-1.04c-.01-.01-1.54-.68-5.58-.68m0 39.54c-4.14 0-5.69-.69-5.75-.72a4.23 4.23 0 01-1.74-1.2 13.42 13.42 0 01-2.07-4.48 49.43 49.43 0 01-1.63-13.5 50.25 50.25 0 011.68-13.58 12.96 12.96 0 011.93-4.35 4.55 4.55 0 011.84-1.25s1.58-.71 5.74-.71c4.15 0 5.68.7 5.7.7a4.08 4.08 0 011.62 1.1 13.27 13.27 0 012.09 4.67A48.93 48.93 0 0152 47.34a48.18 48.18 0 01-1.63 13.32 14.3 14.3 0 01-2.23 4.83 3.74 3.74 0 01-1.51 1c-.17.08-1.73.74-5.7.74"/>
      </g>
    </g>
  </g>
</svg>
